# 1440x900  narrow=False  dt=1/60s  grid=360ang x 37pow = 13320 putts/round
# capture<520  MAX_SPEED=900  FRICTION=0.12  CUP_R=13  reachSafety=None
rnd   dist  tilt  mag sunk?  hits bestP tolDeg minMiss hotPass maxReach  upAcc  aReach
  0    111     0 0.85   YES   585 0.275   48.0     2.0    True      478  -32.0     530
  1    354   285 1.33   YES   138 0.650   28.0    10.2   False      489  -45.7     575
  2    322   334 1.11   YES    57 0.850   17.0     9.6   False      482   -5.3     442
  3    261    22 0.64   YES   131 0.525    7.0     7.9   False      472  -61.4     627
  4    320   318 0.67   YES    35 0.925    9.0    11.2   False      426   91.4     362
  5    261    39 0.62   YES   113 0.900   14.0     9.5   False      411   63.1     376
  6    312   332 0.77   YES    74 0.700    6.0     9.0   False      566  -57.2     613
  7    391   347 1.16    no     0     -    0.0    38.9   False      405   86.6     364
  8    326    64 0.80   YES    31 0.950    8.0    11.2   False      425   61.5     377
  9    276   202 1.10   YES   371 0.350   29.0     7.8   False      633 -105.1     772
 10    283   158 0.68   YES   103 0.600    8.0     9.4   False      571  -67.2     646
 11    403   345 0.91   YES    32 0.975   12.0    12.1   False      556  -25.0     507
 12    418    56 0.60    no     0     -    0.0    42.6   False      429   36.6     392
 13    341    20 1.16   YES    17 1.000    6.0    11.3   False      345   89.7     363
 14    453    99 0.77   YES     5 1.000    5.0    12.9   False      499  -49.6     588
 15    276   195 1.26   YES   181 0.600   41.0     9.4   False      637  -57.2     613
 16    358    68 0.68   YES    18 0.950    6.0    11.8   False      488   40.1     390
 17    257   178 0.72   YES   148 1.000    8.0     8.8   False      379   14.4     409
 18    270   245 1.17   YES    89 0.625    6.0     8.5   False      473  -25.4     508
 19    299   214 0.76   YES   108 0.750   22.0     9.2   False      564  -23.2     501
 20    347   354 0.64   YES    34 0.850    5.0    11.1   False      459   31.8     395
 21    265   217 1.31   YES   358 0.125   41.0     8.0   False      689 -104.5     770
 22    294   203 0.63   YES    50 0.800    6.0     9.8   False      544   46.2     386
 23    347   194 1.27   YES   103 0.500   16.0    10.1   False      562  -80.3     690
 24    361   133 1.09   YES    64 0.950   15.0    10.9   False      510   15.5     408
 25    381   270 1.21   YES     2 1.000    2.0    12.6   False      437   64.0     376
 26    345    65 0.94   YES    54 0.875   19.0    10.4   False      499   -7.4     449
 27    367   124 1.34    no     0     -    0.0    26.0   False      366  125.4     347
 28    450   242 1.01    no     0     -    0.0    40.6   False      492   -2.9     434
 29    279   275 1.19   YES    57 0.750    5.0     8.9   False      456   31.1     396
 30    333   264 1.31   YES    15 0.925    4.0    11.2   False      459   92.6     361
 31    396   199 1.19    no     0     -    0.0    52.8   False      448  114.9     351
 32    380   191 0.99    no     0     -    0.0    32.6   False      389   93.5     361
 33    343   164 0.79   YES    27 0.950    7.0    11.3   False      414   47.1     385
 34    306   159 1.04   YES    92 0.550    5.0     9.0   False      597  -67.2     646
 35    260   343 1.24   YES   151 0.725   19.0     7.9   False      537   37.3     392
 36    450   301 0.66    no     0     -    0.0    52.3   False      436   19.3     405
 37    391   264 0.83   YES     4 1.000    3.0    12.4   False      426   37.8     391
 38    303    54 1.25   YES    88 0.725   10.0     9.2   False      566  -16.3     478
 39    259   291 0.97   YES   436 0.225   60.0     9.1   False      550  -72.5     664
 40    271   216 0.65   YES    60 0.725    5.0     8.5   False      423   48.2     385
 41    308   160 0.98   YES    66 0.700    5.0     9.6   False      639  -35.6     542
 42    300   169 1.21   YES    48 0.825    5.0     9.3   False      444   63.6     376
 43    269   179 1.21   YES   121 0.775   17.0     9.0   False      516   57.8     379
 44    377   209 0.68   YES     6 1.000    6.0    12.2   False      405   37.3     392
 45    293    71 1.27   YES    41 0.975    6.0    10.5   False      474   85.1     365
 46    259   179 1.18   YES   232 0.350   11.0     8.2   False      608  -69.0     652
 47    375   259 0.74   YES    30 0.925   13.0    11.9   False      465   15.3     408
 48    355   100 0.84   YES    57 0.775    8.0    11.0   False      536    0.4     424
 49    322    15 1.16   YES    36 0.950    8.0    10.8   False      467   60.6     378
 50    423   188 0.80   YES   102 0.775   17.0    11.6   False      665  -61.3     627
 51    340   177 1.10   YES    61 0.700    5.0     9.8   False      635  -53.9     602
 52    282    97 0.63   YES    63 0.775    6.0     8.9   False      572   21.0     403
 53    464    20 0.81    no     0     -    0.0    56.3   False      491   32.2     395
 54    379   195 0.63   YES    10 1.000    6.0    12.4   False      437   27.1     399
 55    321    59 1.15   YES    29 0.900    6.0    10.3   False      383   79.8     367
 56    282   338 0.78   YES    90 0.775   10.0     9.3   False      437   18.8     405
 57    375    66 1.33   YES    24 0.975    7.0    11.6   False      511   -1.1     428
 58    299   190 1.14   YES    84 0.625    5.0     9.2   False      619  -57.2     613
 59    332   278 1.35   YES   118 0.800   18.0    10.3   False      540  -22.7     499
 60    297    23 0.77   YES    91 0.825   12.0    10.1   False      386   31.7     395
 61    334    20 0.98   YES    57 0.925   12.0    11.1   False      434   37.0     392
 62    282   343 1.33   YES    85 0.825   10.0     9.3   False      369   82.1     366
 63    264     3 0.62   YES    68 0.850    8.0     9.4   False      394   76.4     369
 64    338   218 1.21   YES    34 0.950    9.0    11.3   False      373   70.1     372
 65    262    60 0.73   YES   105 0.675    6.0     9.0   False      559  -32.3     531
 66    343   116 1.22   YES    17 1.000    7.0    11.8   False      568   93.1     361
 67    288    57 1.30   YES   297 0.550   46.0     7.7   False      553  -87.3     713
 68    396   200 0.71   YES    19 0.975    6.0    12.0   False      470  -31.3     528
 69    317   180 1.33   YES    41 0.900    6.0    10.1   False      449   64.0     376
 70    337   291 0.71   YES   138 0.775   22.0    11.3   False      518  -41.6     562
 71    331   105 0.90   YES   103 0.850   16.0     9.7   False      496  -14.9     474
 72    261   349 0.79   YES    85 0.650    6.0     8.8   False      425   -1.6     430
 73    305   192 1.32   YES    46 0.875   15.0    10.3   False      460   75.6     370
 74    291   136 0.61   YES    74 0.650    5.0     9.1   False      565  -21.8     496
 75    288   146 0.84   YES    82 0.825    5.0     7.9   False      577  -31.3     528
 76    308    10 0.65   YES    64 0.925    5.0     9.4   False      495  -38.4     551
 77    271    64 1.12   YES   216 0.700   34.0     7.1   False      548  -65.9     642
 78    312    65 1.18   YES   410 0.550   41.0     8.7   False      642  -83.3     700
 79    327   243 0.89   YES    33 0.850    4.0    10.0   False      417   -7.6     449
 80    282   353 0.97   YES   100 0.750   17.0     8.4   False      473   18.7     405
 81    288   135 0.77   YES   111 0.750   16.0     9.4   False      382   36.5     392
 82    387   211 0.89   YES     3 1.000    3.0    12.6   False      422   39.6     390
 83    427   220 0.66   YES    11 0.975    6.0    12.3   False      498  -42.6     565
 84    271    90 0.62   YES   172 0.525   14.0     9.1   False      404   -7.3     449
 85    389    66 0.96    no     0     -    0.0    31.6   False      405   83.7     365
 86    262    38 1.15   YES   434 0.275   32.0     8.8   False      723  -95.3     739
 87    410   298 0.79   YES   247 0.325   17.0    11.2   False      579 -104.1     768
 88    352    97 1.35   YES   118 0.775   28.0    10.7   False      561  -68.1     649
 89    359    39 0.81   YES    18 1.000    8.0    12.1   False      387   38.5     391
 90    313    54 0.64   YES    47 0.800    6.0    10.1   False      411    6.9     416
 91    373   358 0.67   YES    11 1.000    4.0    11.7   False      459   14.5     409
 92    304   177 1.14   YES   251 0.750   27.0     9.7   False      453  -11.1     461
 93    315    20 1.20   YES    63 0.775    8.0     9.3   False      526   10.0     413
 94    306   240 1.05   YES    33 0.900    5.0    10.4   False      428   59.8     378
 95    312   317 1.06   YES    26 0.900    5.0    10.8   False      368   83.4     366
 96    261    72 1.29   YES   131 0.700   16.0     8.9   False      450   -6.4     446
 97    389   174 1.18   YES    13 1.000    7.0    12.1   False      456   40.8     389
 98    434    81 0.82   YES     1 1.000    1.0    12.9   False      490  -12.8     467
 99    330    38 1.21   YES    60 0.750    6.0    10.1   False      550  -64.7     638
100    280   221 1.13   YES    50 0.975    6.0     8.5   False      389   69.1     373
101    301   161 1.09   YES    56 0.825    5.0     9.4   False      423   55.1     381
102    333   253 1.26   YES   250 0.700   39.0     9.2   False      479  -78.6     684
103    301   253 0.66   YES    75 0.775    6.0     9.0   False      578  -50.7     592
104    333   325 0.85   YES    27 0.925    6.0    10.8   False      462   52.5     382
105    292   184 1.13   YES    61 0.950    8.0    10.0   False      405   68.5     373
106    344   316 0.85   YES   137 0.650   19.0     9.9   False      634  -56.6     611
107    293   137 0.73   YES   318 0.225   24.0     8.6   False      469  -76.3     676
108    383   134 0.87   YES     8 0.975    4.0    12.3   False      440   34.5     394
109    396   337 0.84   YES    19 0.950    5.0    11.9   False      506   -5.1     441
110    305    85 0.62   YES   193 0.750   34.0     9.6   False      507  -31.5     528
111    362   280 1.05   YES    37 0.850    4.0    10.8   False      543  -50.7     592
112    279   206 1.31   YES   243 0.100    9.0     7.6   False      708 -118.0     814
113    264    84 0.90   YES    69 0.700    5.0     8.5   False      452   43.3     388
114    371   331 0.96   YES   101 0.625    8.0    10.3   False      568  -72.3     663
115    353    24 0.92   YES   105 0.850   15.0    11.1   False      493  -13.9     471
116    465   350 1.14   YES   231 0.800   32.0    12.1   False      701  -73.1     666
117    287    20 1.22   YES   100 0.725   11.0     9.7   False      436    4.3     419
118    354   283 0.71   YES    79 0.800   18.0    10.5   False      557  -20.3     492
119    316   254 1.00   YES   117 0.700   21.0     9.6   False      523  -33.4     535
120    313    55 1.01   YES   271 0.450   28.0     9.0   False      694  -81.0     692
121    374     2 1.10   YES    14 1.000    9.0    12.3   False      390   33.3     394
122    342    53 1.15   YES    59 0.900   12.0    10.9   False      513   19.0     405
123    368   318 1.20   YES    43 0.950   11.0    11.2   False      548    2.5     421
124    274   265 1.11   YES    49 0.925    6.0     8.8   False      422   70.5     372
125    358    71 1.28   YES    68 0.775    4.0    10.8   False      626  -76.2     676
126    280   273 0.90   YES   130 0.775   14.0     8.9   False      577  -10.1     458
127    375   214 0.90   YES    92 0.625    5.0    10.4   False      611  -95.8     741
128    358   201 1.04   YES   155 0.225    7.0    10.4   False      577  -92.8     731
129    259   249 1.23   YES   169 0.600   31.0     7.8   False      488  -12.2     465
130    276   103 0.95   YES    89 0.675    8.0     8.6   False      564  -26.0     510
131    364   350 1.11   YES    91 0.750   24.0    11.1   False      570  -37.0     547
132    316   302 1.13   YES    59 0.875   14.0    10.3   False      426   43.6     388
133    285   180 1.09   YES   191 0.350   18.0     9.6   False      641  -62.2     630
134    374   351 0.82   YES    24 1.000   12.0    12.3   False      408   55.2     381
135    331    70 0.65   YES    34 0.925    8.0    10.8   False      486   51.4     383
136    439    23 0.65   YES    13 0.975    3.0    12.2   False      607  -34.9     540
137    299   279 0.81   YES    80 0.775    9.0     9.4   False      606  -25.6     509
138    401   343 0.72   YES     5 1.000    3.0    12.4   False      450   15.3     408
139    352   299 0.62   YES    54 0.850   20.0    11.5   False      558    8.0     415
140    280   302 1.20   YES   112 0.750    6.0     8.3   False      715  -67.2     646
141    391    56 0.98   YES    15 1.000   10.0    12.1   False      564   13.7     409
142    388   227 0.88   YES    11 1.000    8.0    12.1   False      399   15.8     408
143    282   186 1.34   YES   116 0.775   11.0     8.7   False      457   29.0     397
144    323   101 0.99   YES    72 0.700    6.0     9.1   False      537  -51.6     595
145    389   162 0.76   YES    25 1.000   15.0    12.4   False      430   19.9     404
146    264   285 0.81   YES   164 0.475   10.0     8.2   False      574  -30.4     525
147    437   283 0.69   YES     8 1.000    3.0    12.5   False      608  -47.8     582
148    353   186 0.80   YES    88 0.750    7.0    10.0   False      637  -41.5     561
149    338   290 1.26   YES   138 0.525   10.0     9.6   False      589  -94.8     737
150    301    57 1.05   YES   105 0.800   13.0     9.8   False      464    7.5     415
151    338   360 0.85   YES    24 0.925    6.0    11.2   False      380   60.2     378
152    356   114 1.03   YES    27 1.000   11.0    11.8   False      426   68.9     373
153    270   355 1.14   YES   120 0.650   10.0     8.4   False      566  -20.6     492
154    262   169 1.24   YES   121 0.675   21.0     8.5   False      596   -6.1     445
155    388   274 0.80   YES     5 1.000    5.0    12.7   False      403   31.2     396
156    317   343 1.30   YES   121 0.775    5.0     9.2   False      635 -109.3     785
157    453    20 0.80    no     0     -    0.0    53.7   False      538   -9.6     456
158    302   193 0.70   YES    61 0.825    9.0     9.6   False      428    5.9     417
159    333   184 0.99   YES    40 0.875    6.0    11.0   False      483   49.4     384
160    275   172 1.05   YES   603 0.425   72.0     7.7   False      657  -69.3     653
161    342   338 0.77   YES    46 0.950   10.0    10.7   False      390   38.5     391
162    274   349 1.26   YES    85 0.875    6.0     8.1   False      609  -48.7     585
163    307    22 1.19   YES    93 0.625    5.0     9.7   False      577  -67.4     647
164    333    55 0.93   YES    19 0.925    4.0    11.3   False      401   65.6     375
165    369    65 1.04   YES   116 0.875   24.0    11.6   False      514   -3.3     435
166    325   141 1.19   YES    39 0.950   11.0    11.0   False      383   64.2     376
167    260   119 0.68   YES   115 0.750    9.0     8.4   False      441    5.5     417
168    330   205 0.62   YES    34 0.875    7.0    10.4   False      438   52.5     382
169    324    37 1.02   YES    59 0.850    9.0    10.4   False      400   26.9     399
170    315    75 1.03   YES    68 0.675    6.0     8.9   False      646  -28.4     518
171    321    40 0.93   YES    66 0.850   18.0     9.8   False      509   37.0     392
172    296   359 0.85   YES    63 0.825   12.0     9.9   False      418   50.0     384
173    269   134 0.84   YES   100 0.750    9.0     9.0   False      405   48.1     385
174    327   235 1.24   YES   259 0.650   36.0    10.2   False      648  -59.9     622
175    283   120 0.69   YES   212 0.675   30.0     8.5   False      419   -5.6     443
176    264   191 0.66   YES   142 0.525   13.0     8.3   False      598  -53.0     600
177    321   313 0.96   YES    40 0.900    8.0    11.0   False      386   43.4     388
178    378    95 0.95   YES     6 1.000    6.0    12.9   False      504   64.5     375
179    379   101 1.24   YES    13 1.000    7.0    11.8   False      475   29.9     397
180    379   222 1.31    no     0     -    0.0    30.3   False      388  100.1     358
181    315    10 1.09   YES    40 0.900    7.0    10.5   False      407   75.8     369
182    307     8 0.71   YES   174 0.775   29.0    10.5   False      553    9.1     414
183    266    80 0.72   YES    75 0.725    6.0     8.8   False      527   20.4     404
184    314    69 1.17   YES    88 0.675   10.0     8.4   False      715  -71.3     660
185    324   124 1.05   YES   113 0.875   17.0    10.3   False      571   22.8     402
186    330   321 0.76   YES    32 0.825    4.0    10.6   False      398   54.7     381
187    261   197 1.11   YES   103 0.900   10.0     8.0   False      419   49.4     384
188    259     8 0.72   YES    78 0.800   10.0     8.5   False      386   53.7     381
189    293     9 0.90   YES   108 0.750    6.0     9.4   False      453   22.0     403
190    310    67 1.31   YES   399 0.450   39.0     8.7   False      626  -98.9     751
191    300   345 1.33   YES   138 0.775   23.0     9.9   False      493   10.0     413
192    275    24 0.63   YES   102 0.925    6.0     8.2   False      557  -75.5     674
193    387   188 0.69   YES    33 1.000    4.0    11.5   False      625  -44.5     571
194    353   299 1.00   YES    17 1.000    7.0    11.9   False      502   64.1     376
195    419   269 0.91   YES    40 1.000   26.0    12.4   False      491    2.1     421
196    370    52 1.06    no     0     -    0.0    19.8   False      383  105.0     356
197    274   128 0.77   YES    55 0.800    5.0     9.3   False      419   57.9     379
198    259   219 1.13   YES   525 0.500   35.0     7.8   False      589  -98.7     750
199    308   124 1.02   YES    42 0.825    6.0    10.1   False      393   56.9     380
200    309     1 1.17   YES    29 0.950    5.0    10.2   False      467   59.6     378
201    298    43 1.03   YES   268 0.375   40.0     9.6   False      631  -85.7     707
202    408   311 1.07    no     0     -    0.0    45.1   False      392   76.9     369
203    422   352 1.21   YES    25 0.825    6.0    11.9   False      664  -23.8     503
204    267   102 1.33   YES   133 0.475    6.0     8.2   False      554  -29.7     523
205    340   162 0.90   YES    82 0.700    9.0     9.7   False      588  -56.1     610
206    345   270 1.26   YES   276 0.400   28.0    10.2   False      481  -74.8     672
207    260   317 1.23   YES   127 0.575   19.0     8.2   False      569  -17.2     481
208    282   285 1.15   YES   172 0.700   17.0     9.3   False      433    8.2     414
209    277   272 0.81   YES   120 0.800   18.0     9.1   False      449   49.8     384
210    374   145 1.20   YES     4 1.000    4.0    12.4   False      416   54.3     381
211    293   298 0.81   YES    52 0.800    5.0     9.3   False      455   31.9     395
212    343   170 0.70   YES    45 0.925   10.0    11.0   False      404   25.1     400
213    262   262 0.71   YES    92 0.675    9.0     9.0   False      453  -18.3     485
214    428   183 0.87   YES     8 1.000    5.0    12.7   False      525  -51.8     595
215    299    43 0.67   YES   122 0.750   11.0     8.9   False      432   19.0     405
216    332   290 1.23   YES   217 0.425   15.0    10.5   False      667  -71.1     659
217    289   357 1.11   YES    92 0.800   12.0     9.4   False      401   41.0     389
218    414   230 0.62    no     0     -    0.0    39.0   False      454   34.5     394
219    300   227 0.86   YES   162 0.625   16.0     9.1   False      564  -75.8     675
220    327    35 0.90   YES   242 0.475   18.0     9.9   False      576  -73.2     666
221    325   354 0.60   YES    71 0.850    8.0    10.5   False      484  -10.3     458
222    276   209 0.63   YES    79 0.800    5.0     7.7   False      466  -23.5     502
223    318    11 0.85   YES    62 0.750    7.0     9.1   False      649  -56.3     610
224    412   111 0.79    no     0     -    0.0    51.0   False      379   90.8     362
225    271    86 0.80   YES   111 0.700   14.0     7.8   False      619  -20.5     492
226    310    68 0.86   YES    25 0.875    4.0    10.2   False      425   78.4     368
227    354   280 0.84   YES    59 0.825    5.0     9.9   False      572  -54.4     604
228    279   220 1.26   YES   199 0.175    9.0     8.6   False      613  -77.5     680
229    284    84 0.82   YES    49 0.975    7.0     9.9   False      452   94.0     361
230    389   347 0.67   YES    15 1.000    9.0    12.2   False      513   28.7     398
231    360   254 0.71   YES    74 0.775    4.0    10.4   False      522  -76.6     677
232    274   235 0.90   YES    93 0.675    8.0     9.2   False      616  -24.1     504
233    259   276 1.24   YES   601 0.100  109.0     7.7   False      506  -93.7     734
234    331   128 1.07   YES   168 0.700   44.0    10.6   False      642  -80.2     689
235    327   108 1.26   YES   150 0.800   26.0    10.0   False      603    0.5     424
236    279   283 1.08   YES   173 0.500   10.0     8.3   False      623  -69.0     652
237    304   113 0.68   YES    57 0.875    9.0    10.3   False      414   65.2     375
238    270    41 1.35   YES   124 0.775   13.0     8.6   False      504   26.0     400
239    302   316 1.14   YES    57 0.925   10.0     9.6   False      369   98.3     359
240    279   245 0.68   YES   151 0.625   28.0     8.8   False      605  -12.6     466
241    284   213 0.95   YES    70 0.775   12.0     9.9   False      576   30.6     396
242    316    10 0.66   YES    34 0.925    8.0    11.4   False      400   73.6     371
243    371   235 1.06   YES    14 1.000    5.0    11.7   False      574   15.1     408
244    295   116 1.32   YES   231 0.750   25.0     9.5   False      486  -12.4     465
245    329   257 0.66   YES    54 0.750    4.0    10.0   False      495  -48.1     583
246    344   120 0.68   YES    49 0.850    4.0    10.6   False      483  -31.8     529
247    356   186 0.72   YES    16 1.000    5.0    11.4   False      473   66.4     374
248    285   311 1.08   YES   125 0.525    8.0     9.1   False      520  -45.2     574
249    276   106 0.85   YES    53 0.925    8.0     9.5   False      497  114.5     351
250    259    71 0.86   YES   139 0.600   23.0     8.8   False      466  -51.9     596
251    293   346 0.91   YES   106 0.500    6.0     9.0   False      520  -47.2     580
252    286   312 1.29   YES   534 0.275   72.0     8.5   False      677 -103.2     765
253    358   121 0.85   YES    13 0.975    5.0    12.0   False      563   64.7     375
254    334   140 0.95   YES   139 0.675   37.0    10.3   False      644  -62.5     631
255    322   352 0.63   YES    46 1.000    9.0    10.2   False      385   38.0     391
256    353    12 0.65   YES    73 0.875   14.0    10.9   False      430   37.2     392
257    393   331 1.10   YES    33 1.000   14.0    11.8   False      519  -25.7     509
258    286   305 0.61   YES    80 0.650    6.0     9.1   False      486   -0.6     426
259    336    85 1.24   YES    17 1.000    8.0    11.4   False      372  101.1     357
260    269    24 1.34   YES   453 0.300   71.0     8.6   False      531 -112.7     797
261    295    92 1.01   YES    66 0.850   14.0     9.1   False      480   48.6     385
262    322   221 1.21   YES   192 0.775   17.0     9.4   False      573  -38.0     550
263    327   240 0.81   YES    27 0.900    5.0    11.3   False      411   70.2     372
264    308   199 0.67   YES   107 0.525    5.0     8.6   False      526  -70.2     656
265    271    53 0.99   YES   143 0.725    6.0     8.1   False      667  -99.2     752
266    297   359 1.31   YES   308 0.925   25.0     9.7   False      532   -1.1     428
267    354   107 1.16   YES    30 0.950   16.0    11.3   False      449   64.0     376
268    397   253 1.32    no     0     -    0.0    36.5   False      398   75.2     370
269    352   354 0.62   YES    50 0.950   11.0    11.3   False      502   21.6     403
270    292     3 0.70   YES    85 0.775   11.0     9.5   False      501   21.3     403
271    270   315 0.73   YES   228 0.400   21.0     8.6   False      460  -61.0     626
272    378   155 1.24   YES    70 0.700    6.0    11.0   False      635  -88.8     718
273    315   111 0.72   YES    36 0.850    6.0     9.9   False      414   61.6     377
274    332    24 0.75   YES    96 0.875   12.0    11.4   False      446   19.8     404
275    368    86 1.24   YES    52 0.950   15.0    11.6   False      617  -10.0     457
276    300   208 0.85   YES    40 0.825    5.0    10.1   False      406   61.1     377
277    402     7 0.86   YES    18 1.000    4.0    12.1   False      624  -35.3     541
278    474    28 1.02    no     0     -    0.0   113.7   False      387   67.8     374
279    344   231 0.89   YES    51 0.800    8.0    10.7   False      447  -32.3     531
280    390     6 1.00   YES    49 0.925   18.0    12.0   False      620  -31.9     530
281    292   277 0.86   YES    70 0.775    7.0     9.3   False      427   46.4     386
282    462   268 1.03    no     0     -    0.0    98.0   False      410   64.7     375
283    319    48 0.65   YES    46 0.775    6.0    10.3   False      484  -30.5     525
284    314   208 1.06   YES    30 1.000    7.0    11.0   False      473   85.0     365
285    287   353 0.68   YES    58 0.975    6.0     9.7   False      561    2.0     421
286    264   262 1.32   YES   289 0.425   15.0     7.5   False      555  -96.1     742
287    330   356 0.92   YES    48 0.850    9.0     9.9   False      396   32.5     395
288    261    75 1.08   YES   163 0.575   25.0     8.4   False      560  -58.0     616
289    295   294 0.97   YES   314 0.250   13.0     8.5   False      575 -109.4     786
290    286   306 1.25   YES   106 0.850   14.0     9.3   False      437   71.5     372
291    319   353 0.65   YES    57 0.950    9.0    10.4   False      396   49.0     384
292    309   114 0.75   YES   101 0.700   13.0    10.1   False      589    1.5     422
293    264   121 1.10   YES   240 0.525   39.0     8.6   False      566  -43.8     569
294    368    87 1.29   YES    67 0.825   13.0    10.9   False      660  -53.4     601
295    305   191 1.16   YES    56 0.825    9.0     9.7   False      476   -5.6     443
296    270   133 0.92   YES   162 0.700   18.0     8.4   False      522  -21.2     494
297    385    84 1.20   YES    55 0.650   10.0    10.9   False      627  -80.4     690
298    346   135 0.99   YES    66 0.900   12.0    10.9   False      487    4.3     419
299    343    72 0.68   YES    47 0.900   12.0    11.3   False      453   40.9     389
300    294   142 0.60   YES    45 0.925    5.0     8.7   False      471   13.4     410

SOLVABLE 283/301 = 94.0%
aim tolerance on solvable rounds: min 1.0deg  median 9.0deg  max 109.0deg
UNSOLVABLE rounds: 7 (dist 391px, closest miss 38.9px, maxReach 405px, hotPass=False), 12 (dist 418px, closest miss 42.6px, maxReach 429px, hotPass=False), 27 (dist 367px, closest miss 26.0px, maxReach 366px, hotPass=False), 28 (dist 450px, closest miss 40.6px, maxReach 492px, hotPass=False), 31 (dist 396px, closest miss 52.8px, maxReach 448px, hotPass=False), 32 (dist 380px, closest miss 32.6px, maxReach 389px, hotPass=False), 36 (dist 450px, closest miss 52.3px, maxReach 436px, hotPass=False), 53 (dist 464px, closest miss 56.3px, maxReach 491px, hotPass=False), 85 (dist 389px, closest miss 31.6px, maxReach 405px, hotPass=False), 157 (dist 453px, closest miss 53.7px, maxReach 538px, hotPass=False), 180 (dist 379px, closest miss 30.3px, maxReach 388px, hotPass=False), 196 (dist 370px, closest miss 19.8px, maxReach 383px, hotPass=False), 202 (dist 408px, closest miss 45.1px, maxReach 392px, hotPass=False), 218 (dist 414px, closest miss 39.0px, maxReach 454px, hotPass=False), 224 (dist 412px, closest miss 51.0px, maxReach 379px, hotPass=False), 268 (dist 397px, closest miss 36.5px, maxReach 398px, hotPass=False), 278 (dist 474px, closest miss 113.7px, maxReach 387px, hotPass=False), 282 (dist 462px, closest miss 98.0px, maxReach 410px, hotPass=False)
