# 1920x1080  narrow=False  dt=1/60s  grid=360ang x 37pow = 13320 putts/round
# capture<520  MAX_SPEED=900  FRICTION=0.12  CUP_R=13  reachSafety=0.9
rnd   dist  tilt  mag sunk?  hits bestP tolDeg minMiss hotPass maxReach  upAcc  aReach
  0    132     0 0.85   YES   468 0.325   53.0     3.0    True      530  -32.2     531
  1    476   285 1.33   YES   115 0.950   20.0    12.5   False      570  -37.0     547
  2    406   334 1.11   YES    12 1.000   12.0    12.2   False      604   -7.9     451
  3    347    22 0.64   YES    43 0.825    5.0    10.4   False      555  -44.6     572
  4    330   318 0.67   YES    29 0.925    9.0    11.2   False      443   81.5     367
  5    330    39 0.62   YES    28 0.900    6.0    10.7   False      453   54.7     381
  6    327   332 0.77   YES    38 0.925    5.0    10.6   False      429    5.6     417
  7    317   347 1.16   YES   113 0.750   26.0    10.0   False      597  -21.0     494
  8    346    64 0.80   YES    19 0.950    6.0    11.4   False      495   49.0     384
  9    359   202 1.10   YES   274 0.450   23.0     9.7   False      622  -83.2     699
 10    326   158 0.68   YES    63 0.775    9.0     9.7   False      589  -34.4     538
 11    456   345 0.91    no     0     -    0.0    21.7   False      549  -25.7     509
 12    345    56 0.60   YES    22 0.925    5.0    11.5   False      442   50.1     384
 13    332    20 1.16   YES    33 1.000    9.0    10.7   False      465   64.0     376
 14    460    99 0.77    no     0     -    0.0    27.5   False      469  -26.3     511
 15    336   195 1.26   YES   123 0.700   31.0     9.7   False      658  -53.0     599
 16    357    68 0.68   YES    22 0.925    6.0    11.5   False      517   26.5     399
 17    339   178 0.72   YES    37 0.825    5.0    10.3   False      430   15.0     408
 18    348   245 1.17   YES    38 0.825    6.0    10.6   False      551  -18.3     485
 19    398   214 0.76   YES    50 0.975   20.0    12.1   False      601  -17.1     481
 20    359   354 0.64   YES    29 0.900    5.0    10.8   False      472   15.3     408
 21    351   217 1.31   YES   167 0.500    8.0    10.3   False      708  -81.6     694
 22    350   203 0.63   YES    15 0.925    3.0    11.5   False      578   40.2     390
 23    453   194 1.27   YES    47 1.000    4.0    12.0   False      634  -72.4     664
 24    368   133 1.09   YES    48 0.975   14.0    11.5   False      579   14.2     409
 25    344   270 1.21   YES    21 0.925    4.0    11.3   False      473   39.9     390
 26    406    65 0.94   YES    31 1.000   19.0    12.2   False      516   -9.7     456
 27    316   124 1.34   YES    31 1.000    8.0    11.1   False      449  114.0     352
 28    373   242 1.01   YES   130 0.900   24.0    11.4   False      522    7.6     415
 29    357   275 1.19   YES    17 0.950    4.0    10.9   False      535   19.1     405
 30    331   264 1.31   YES    19 0.925    4.0    11.4   False      505   78.2     368
 31    321   199 1.19   YES    19 0.950    5.0    11.3   False      582  102.5     357
 32    317   191 0.99   YES    28 0.975    5.0    10.3   False      603   68.1     373
 33    345   164 0.79   YES    22 0.925    5.0    11.5   False      438   50.6     383
 34    401   159 1.04   YES    39 0.825    4.0    11.6   False      499  -58.1     616
 35    322   343 1.24   YES    61 0.850    9.0    10.3   False      530   35.0     393
 36    366   301 0.66   YES    20 0.975    7.0    11.9   False      448    8.4     414
 37    357   264 0.83   YES    22 0.900    5.0    11.2   False      592   30.3     396
 38    408    54 1.25   YES    19 0.950    7.0    12.4   False      662  -17.3     482
 39    316   291 0.97   YES   179 0.325   14.0     8.7   False      652  -61.4     627
 40    316   216 0.65   YES    36 0.850    5.0     9.7   False      546   20.1     404
 41    414   160 0.98   YES    15 0.925    4.0    12.2   False      676  -30.8     526
 42    342   169 1.21   YES    24 0.900    5.0    10.6   False      443   51.6     383
 43    329   179 1.21   YES    68 0.925   16.0    11.0   False      485   49.9     384
 44    348   209 0.68   YES    29 0.975    9.0    11.6   False      404   45.0     387
 45    335    71 1.27   YES    22 0.925    5.0    11.2   False      545   68.5     373
 46    348   179 1.18   YES   125 0.500    8.0     9.7   False      632  -59.0     619
 47    365   259 0.74   YES    50 0.850   13.0    11.3   False      495   18.6     405
 48    377   100 0.84   YES    56 0.800    8.0    11.6   False      504    3.4     420
 49    341    15 1.16   YES    22 0.975    7.0    11.5   False      479   58.3     379
 50    538   188 0.80   YES    15 1.000   11.0    12.2   False      616  -53.7     602
 51    328   177 1.10   YES    71 0.675    5.0     9.9   False      618  -56.7     612
 52    365    97 0.63   YES    16 0.925    4.0    12.0   False      477   18.5     405
 53    353    20 0.81   YES    23 0.950    6.0    11.6   False      492   36.0     393
 54    359   195 0.63   YES    29 0.975    9.0    12.0   False      437   20.5     404
 55    339    59 1.15   YES    21 0.925    5.0    11.6   False      396   60.6     378
 56    360   338 0.78   YES    24 0.950    7.0    11.4   False      473   19.9     404
 57    392    66 1.33   YES    14 1.000    8.0    12.3   False      479   -8.0     451
 58    402   190 1.14   YES    32 0.875    4.0    11.5   False      634  -51.0     593
 59    429   278 1.35   YES    11 1.000   10.0    12.4   False      577  -16.3     478
 60    341    23 0.77   YES    44 0.925    9.0    10.4   False      462   29.2     397
 61    353    20 0.98   YES    36 0.950    9.0    11.6   False      421   36.6     392
 62    334   343 1.33   YES    38 0.950    9.0    10.9   False      458   68.5     373
 63    338     3 0.62   YES    19 0.950    5.0    11.5   False      446   64.2     376
 64    338   218 1.21   YES    33 0.925    8.0    11.0   False      451   49.0     384
 65    324    60 0.73   YES    55 0.875    5.0    10.1   False      621  -27.2     514
 66    329   116 1.22   YES    36 0.975    9.0    11.3   False      514   82.7     366
 67    387    57 1.30   YES   167 0.750   38.0    11.0   False      647  -75.6     674
 68    453   200 0.71    no     0     -    0.0    32.5   False      530  -24.3     505
 69    340   180 1.33   YES    26 0.900    5.0    10.6   False      521   52.7     382
 70    311   291 0.71   YES   140 0.725   28.0     8.9   False      546  -41.0     560
 71    416   105 0.90   YES     6 1.000    6.0    12.6   False      550  -11.3     462
 72    317   349 0.79   YES    49 0.800    5.0     9.4   False      425    0.0     424
 73    336   192 1.32   YES    28 0.925   11.0    11.6   False      492   68.1     373
 74    386   136 0.61   YES    29 0.875    4.0    11.3   False      526  -23.3     501
 75    384   146 0.84   YES    20 0.900    3.0    11.7   False      547  -25.8     510
 76    387    10 0.65   YES    25 0.950    4.0    11.3   False      549  -34.4     538
 77    361    64 1.12   YES    50 0.875   12.0    11.1   False      615  -50.6     592
 78    417    65 1.18   YES   229 0.825   27.0    11.8   False      587  -67.6     648
 79    401   243 0.89   YES     4 1.000    3.0    12.7   False      470   -6.5     446
 80    340   353 0.97   YES    60 0.875   13.0    10.7   False      512   15.8     408
 81    348   135 0.77   YES    24 0.900    5.0    11.1   False      447   31.0     396
 82    354   211 0.89   YES    19 0.925    4.0    11.0   False      415   27.6     398
 83    468   220 0.66    no     0     -    0.0    39.7   False      475  -30.5     525
 84    346    90 0.62   YES    78 0.725    8.0    10.4   False      425   -6.1     445
 85    317    66 0.96   YES    77 0.875   13.0     9.9   False      630   53.5     382
 86    345    38 1.15   YES   260 0.600   20.0     9.4   False      671  -78.0     682
 87    527   298 0.79    no     0     -    0.0    19.6   False      625  -80.0     689
 88    464    97 1.35    no     0     -    0.0    25.6   False      617  -51.2     593
 89    357    39 0.81   YES    32 0.975   10.0    11.3   False      393   29.6     397
 90    377    54 0.64   YES    18 0.950    5.0    11.3   False      422    4.2     419
 91    369   358 0.67   YES    15 0.950    4.0    11.3   False      503   12.9     410
 92    309   177 1.14   YES    57 0.800    8.0    11.0   False      415   15.6     408
 93    377    20 1.20   YES    30 0.875    7.0    11.5   False      558    4.2     419
 94    311   240 1.05   YES    27 0.875    4.0    10.8   False      448   62.0     377
 95    334   317 1.06   YES    19 0.925    4.0    10.8   False      392   66.7     374
 96    355    72 1.29   YES    75 0.925   18.0    11.3   False      524   -5.3     442
 97    349   174 1.18   YES    44 0.975   10.0    10.5   False      547   19.8     404
 98    390    81 0.82   YES    12 0.950    4.0    12.4   False      462   -3.8     437
 99    443    38 1.21   YES     4 1.000    3.0    12.7   False      589  -54.6     605
100    340   221 1.13   YES    18 0.925    4.0    10.7   False      396   57.2     379
101    346   161 1.09   YES    22 0.900    5.0    11.4   False      402   46.1     386
102    421   253 1.26   YES   152 0.925   33.0    11.4   False      556  -63.1     633
103    365   253 0.66   YES    33 0.850    5.0    10.8   False      600  -41.4     561
104    348   325 0.85   YES    16 0.925    4.0    11.7   False      453   45.0     387
105    339   184 1.13   YES    24 0.975    6.0    11.7   False      439   61.7     377
106    433   316 0.85   YES    22 0.950    6.0    12.5   False      572  -46.3     577
107    388   137 0.73   YES   112 0.550    7.0    10.9   False      507  -63.1     633
108    323   134 0.87   YES    33 0.925    5.0    10.1   False      477   27.8     398
109    388   337 0.84   YES    20 0.950    5.0    11.9   False      525   -2.0     431
110    406    85 0.62   YES    54 1.000   23.0    11.9   False      459  -23.6     502
111    444   280 1.05   YES     3 1.000    3.0    12.6   False      639  -45.3     574
112    360   206 1.31   YES   164 0.525    6.0    10.1   False      662  -97.0     745
113    323    84 0.90   YES    47 0.925    5.0    10.2   False      569   -4.1     438
114    483   331 0.96   YES    34 0.850    5.0    12.6   False      629  -57.3     614
115    412    24 0.92   YES    41 0.950   11.0    11.9   False      568  -12.3     465
116    579   350 1.14   YES    75 0.950   15.0    12.4   False      674  -66.3     643
117    353    20 1.22   YES    31 0.875    6.0    11.5   False      483    9.3     413
118    428   283 0.71   YES    55 0.950   17.0    12.3   False      545  -18.1     484
119    416   254 1.00   YES    39 0.875    9.0    12.1   False      602  -25.8     510
120    390    55 1.01   YES   220 0.625   28.0    11.5   False      659  -68.0     649
121    350     2 1.10   YES    37 0.975   10.0    11.4   False      431   41.8     389
122    332    53 1.15   YES    73 0.875   13.0    10.3   False      538    6.0     417
123    383   318 1.20   YES    36 0.975   12.0    11.8   False      627   -6.4     446
124    317   265 1.11   YES    32 0.875    5.0    11.2   False      524   56.1     380
125    466    71 1.28   YES    28 0.950    3.0    12.2   False      581  -63.6     634
126    374   273 0.90   YES    29 1.000   11.0    12.0   False      472   -9.6     456
127    482   214 0.90   YES    41 0.875    4.0    12.3   False      553  -77.5     680
128    327   201 1.04   YES    48 0.875    7.0     9.8   False      422   35.3     393
129    325   249 1.23   YES    96 0.725   21.0     9.9   False      574   -6.9     447
130    350   103 0.95   YES    37 0.850    5.0    10.6   False      594  -24.3     505
131    339   350 1.11   YES   147 0.400   10.0    10.7   False      673  -61.5     628
132    354   302 1.13   YES    41 0.950   13.0    11.6   False      435   31.5     396
133    376   180 1.09   YES    48 0.750    4.0    11.0   False      643  -54.2     603
134    346   351 0.82   YES    43 0.925    9.0    11.1   False      455   37.9     391
135    349    70 0.65   YES    24 0.975    8.0    11.8   False      554   42.7     388
136    472    23 0.65   YES     6 0.975    2.0    12.7   False      609  -40.1     557
137    398   279 0.81   YES    14 1.000    6.0    12.4   False      566  -18.2     485
138    367   343 0.72   YES    17 0.950    4.0    12.0   False      442   14.2     409
139    372   299 0.62   YES    24 0.900    5.0    11.7   False      543    9.4     413
140    356   302 1.20   YES    65 0.675    4.0    10.2   False      736  -59.7     622
141    317    56 0.98   YES    59 0.925   10.0    11.2   False      408   66.3     374
142    371   227 0.88   YES    34 1.000   13.0    12.0   False      415   10.7     412
143    343   186 1.34   YES    32 0.900    7.0    11.1   False      493   27.3     399
144    427   101 0.99   YES    10 0.975    4.0    12.5   False      515  -32.8     533
145    365   162 0.76   YES    33 0.925   10.0    11.6   False      504   14.7     409
146    320   285 0.81   YES   108 0.650    8.0     8.9   False      561  -25.4     508
147    485   283 0.69    no     0     -    0.0    28.6   False      635  -34.6     539
148    473   186 0.80   YES     4 1.000    3.0    12.7   False      562  -41.7     562
149    410   290 1.26   YES    59 0.750    6.0    11.2   False      645  -77.2     679
150    311    57 1.05   YES    77 0.825    9.0    10.2   False      461   19.8     404
151    344   360 0.85   YES    18 0.925    4.0    11.4   False      450   53.0     382
152    343   114 1.03   YES    48 1.000   13.0    11.1   False      473   53.8     381
153    331   355 1.14   YES    61 0.800    9.0    10.7   False      562  -19.9     490
154    323   169 1.24   YES    21 0.925    5.0    11.6   False      464   98.6     358
155    357   274 0.80   YES    25 0.950    8.0    11.1   False      453   29.5     397
156    429   343 1.30   YES    14 0.925    3.0    12.0   False      564  -86.1     709
157    376    20 0.80   YES    21 0.975    7.0    11.8   False      486    5.0     418
158    372   193 0.70   YES    19 0.975    6.0    11.9   False      474    7.9     415
159    346   184 0.99   YES    23 0.900    4.0    11.0   False      455   27.4     398
160    316   172 1.05   YES   440 0.500   58.0     8.9   False      606  -48.6     585
161    351   338 0.77   YES    38 0.950    9.0    10.9   False      385   39.1     391
162    350   349 1.26   YES    37 0.925    5.0    11.2   False      616  -45.8     576
163    384    22 1.19   YES    33 0.900    4.0    11.4   False      687  -50.7     592
164    343    55 0.93   YES    21 0.925    5.0    10.7   False      404   45.0     387
165    331    65 1.04   YES   153 0.775   34.0    10.3   False      578   -9.9     457
166    345   141 1.19   YES    37 0.975   12.0    10.9   False      390   49.4     384
167    344   119 0.68   YES    37 0.875    6.0    10.6   False      436   16.0     407
168    350   205 0.62   YES    20 0.925    5.0    11.6   False      474   41.9     389
169    362    37 1.02   YES    16 0.925    4.0    11.2   False      498   22.7     402
170    418    75 1.03   YES    23 0.900    6.0    12.3   False      618  -22.5     499
171    354    40 0.93   YES    44 0.900   16.0    11.6   False      571   29.9     397
172    349   359 0.85   YES    26 0.925    7.0    11.5   False      494   42.9     388
173    349   134 0.84   YES    22 0.950    7.0    11.1   False      473   42.4     388
174    433   235 1.24   YES   168 0.950   32.0    12.2   False      705  -47.5     581
175    369   120 0.69   YES   140 0.850   30.0    11.4   False      443   -8.4     452
176    309   191 0.66   YES    92 0.825   14.0     9.3   False      456   -0.1     425
177    354   313 0.96   YES    24 0.950    7.0    11.8   False      404   31.6     396
178    342    95 0.95   YES    30 0.925    7.0    11.0   False      571   55.8     380
179    318   101 1.24   YES   153 0.700   49.0     9.9   False      607  -28.1     517
180    327   222 1.31   YES    19 0.925    4.0    11.1   False      426   80.9     367
181    336    10 1.09   YES    37 0.950    9.0    11.4   False      439   50.4     383
182    372     8 0.71   YES    71 0.925   18.0    11.7   False      506    9.4     413
183    343    80 0.72   YES    24 0.900    5.0    11.2   False      463   12.2     411
184    405    69 1.17   YES    24 0.900    6.0    11.9   False      644  -59.9     622
185    364   124 1.05   YES    51 0.950   15.0    11.3   False      640   16.5     407
186    347   321 0.76   YES    32 0.850    4.0    11.1   False      431   47.0     386
187    333   197 1.11   YES    26 0.900    5.0    11.4   False      445   42.0     389
188    346     8 0.72   YES    22 1.000    7.0    12.0   False      445   48.4     385
189    364     9 0.90   YES    20 0.900    4.0    11.7   False      485   19.3     405
190    407    67 1.31   YES   157 0.625   20.0    11.2   False      655  -79.8     688
191    367   345 1.33   YES    76 0.925   18.0    11.8   False      570   12.4     411
192    355    24 0.63   YES    39 0.800    4.0    10.7   False      652  -61.4     627
193    477   188 0.69   YES     8 0.975    2.0    12.6   False      501  -33.0     534
194    342   299 1.00   YES    32 0.975    8.0    10.8   False      577   41.5     389
195    324   269 0.91   YES    59 0.850   15.0    10.9   False      457   27.6     398
196    327    52 1.06   YES    24 0.925    6.0    11.4   False      419   79.3     368
197    329   128 0.77   YES    24 1.000    5.0    11.1   False      472   52.6     382
198    346   219 1.13   YES   145 0.750   27.0    10.0   False      611  -75.1     672
199    346   124 1.02   YES    27 0.900    6.0    11.6   False      425   42.6     388
200    343     1 1.17   YES    15 0.950    4.0    11.7   False      552   53.7     382

SOLVABLE 194/201 = 96.5%
aim tolerance on solvable rounds: min 2.0deg  median 7.0deg  max 58.0deg
UNSOLVABLE rounds: 11 (dist 456px, closest miss 21.7px, maxReach 549px, hotPass=False), 14 (dist 460px, closest miss 27.5px, maxReach 469px, hotPass=False), 68 (dist 453px, closest miss 32.5px, maxReach 530px, hotPass=False), 83 (dist 468px, closest miss 39.7px, maxReach 475px, hotPass=False), 87 (dist 527px, closest miss 19.6px, maxReach 625px, hotPass=False), 88 (dist 464px, closest miss 25.6px, maxReach 617px, hotPass=False), 147 (dist 485px, closest miss 28.6px, maxReach 635px, hotPass=False)
