# 390x844  narrow=True  dt=1/60s  grid=360ang x 37pow = 13320 putts/round
# capture<520  MAX_SPEED=900  FRICTION=0.12  CUP_R=13  reachSafety=0.9 downhillCredit=None undul=1.0 tilt=1.0
rnd   dist  tilt  mag sunk?  hits bestP tolDeg minMiss hotPass maxReach  upAcc  aReach
  0     58     0 0.85   YES  1018 0.150   53.0     2.1    True      286  -26.0     430
  1    131   285 1.33   YES   369 0.325   33.0     4.6    True      257 -107.3     448
  2    127   334 1.11   YES   280 0.425   30.0     3.5    True      214   17.8     406
  3    141    22 0.64   YES  2081 0.325   99.0     4.6    True      289 -110.3     449
  4    147   318 0.67   YES   194 0.575   16.0     5.3    True      253  192.3     322
  5    159    39 0.62   YES   191 0.600   13.0     7.2    True      286  134.9     343
  6    142   332 0.77   YES  2035 0.175  154.0     4.6    True      334 -117.4     451
  7    173   347 1.16   YES   232 0.675   17.0     5.4    True      271  184.1     325
  8    130    64 0.80   YES   244 0.625   14.0     4.1    True      251  138.5     341
  9    118   202 1.10   YES  1062 0.100   60.0     2.9    True      322 -250.5     480
 10    117   158 0.68   YES  2433 0.100  149.0     3.2    True      314 -176.5     464
 11    177   345 0.91   YES   256 0.475   29.0     3.4    True      304  -32.6     432
 12    120    56 0.60   YES   356 0.600   11.0     2.7    True      262   50.3     384
 13    127    20 1.16   YES   386 0.675   24.0     4.5    True      262  200.1     320
 14    192    99 0.77   YES   303 0.400   18.0     6.2    True      353 -141.0     456
 15    132   195 1.26   YES   494 0.375   57.0     4.3    True      339 -122.6     452
 16    152    68 0.68   YES   244 0.525   15.0     3.3    True      300  113.5     352
 17    140   178 0.72   YES   746 0.425   51.0     3.1    True      237   39.7     390
 18    117   245 1.17   YES   551 0.350   13.0     1.9    True      325  -68.2     440
 19    117   214 0.76   YES   451 0.350   31.0     3.0    True      275  -53.5     436
 20    155   354 0.64   YES   238 0.400   21.0     3.8    True      311   78.6     368
 21    133   217 1.31   YES   473 0.550   25.0     4.4    True      216  180.1     326
 22    134   203 0.63   YES   222 0.775   11.0     4.4    True      272   90.5     362
 23    141   194 1.27   YES   343 0.325   37.0     4.1    True      252 -173.5     463
 24    145   133 1.09   YES   330 0.475   29.0     4.7    True      322   23.4     401
 25    158   270 1.21   YES   200 0.975   14.0     5.2    True      272  150.9     337
 26    135    65 0.94   YES   295 0.425   26.0     3.3    True      257   -6.9     426
 27    159   124 1.34   YES   148 0.625   10.0     6.4    True      212  265.1     300
 28    113   242 1.01   YES   656 0.100   31.0     2.0    True      300 -252.4     481
 29    123   275 1.19   YES   561 0.725   26.0     2.5    True      288  104.1     356
 30    153   264 1.31   YES   217 0.625   15.0     3.9    True      257  207.7     317
 31    150   199 1.19   YES   171 0.625   10.0     4.8    True      286  258.9     302
 32    140   191 0.99   YES   300 0.825   19.0     5.7    True      228  229.4     311
 33    135   164 0.79   YES   276 0.500   17.0     4.0    True      279  107.0     355
 34    126   159 1.04   YES  1098 0.200   75.0     2.5    True      271 -132.9     454
 35    121   343 1.24   YES   411 0.450   33.0     2.4    True      272   73.4     371
 36    178   301 0.66   YES   289 0.550   27.0     5.9    True      281   41.3     389
 37    161   264 0.83   YES   247 0.500   19.0     3.9    True      323   92.2     361
 38    113    54 1.25   YES  1822 0.975   65.0     3.9    True      260  -17.7     428
 39    113   291 0.97   YES   821 0.150   87.0     2.7    True      248 -154.3     459
 40    119   216 0.65   YES   344 0.300   15.0     2.7    True      354  -57.9     437
 41    115   160 0.98   YES   535 0.200   42.0     2.8    True      281  -81.2     443
 42    127   169 1.21   YES   232 0.575   11.0     5.1    True      234  164.4     332
 43    118   179 1.21   YES   374 0.475   36.0     4.2    True      238  112.0     352
 44    153   209 0.68   YES   286 0.550   21.0     3.9    True      235   72.6     371
 45    132    71 1.27   YES   291 0.600   13.0     3.6    True      194  205.5     318
 46    112   179 1.18   YES   916 0.325   61.0     2.0    True      302  -61.3     438
 47    143   259 0.74   YES   268 0.450   23.0     5.3    True      293   36.2     392
 48    137   100 0.84   YES   266 0.375   18.0     3.0    True      286   15.5     408
 49    138    15 1.16   YES   262 0.525   21.0     4.1    True      255  113.9     352
 50    166   188 0.80   YES   358 0.250   33.0     4.1    True      326 -117.5     451
 51    139   177 1.10   YES   564 0.275   60.0     3.0    True      291 -123.1     452
 52    116    97 0.63   YES   335 0.325   13.0     2.4    True      218  -30.1     431
 53    200    20 0.81   YES   313 0.675   25.0     5.8   False      295   54.8     381
 54    155   195 0.63   YES   215 0.500   13.0     5.4    True      298   55.0     381
 55    127    59 1.15   YES   546 0.625   37.0     4.9    True      210  203.5     319
 56    113   338 0.78   YES   426 0.350   22.0     3.7    True      220  -11.1     427
 57    146    66 1.33   YES   393 0.575   30.0     4.4    True      278    3.7     419
 58    113   190 1.14   YES   508 0.200   62.0     2.8    True      292 -121.5     451
 59    129   278 1.35   YES   381 0.325   20.0     3.7    True      286  -60.5     438
 60    117    23 0.77   YES   935 0.425   40.0     3.1    True      254   43.8     387
 61    132    20 0.98   YES   400 0.450   29.0     3.8    True      282   74.7     370
 62    119   343 1.33   YES   406 0.475   26.0     2.7    True      250  168.4     330
 63    140     3 0.62   YES   277 0.450   21.0     4.6    True      292   -5.9     426
 64    113   218 1.21   YES  2193 0.100  158.0     3.4    True      323 -165.3     461
 65    121    60 0.73   YES   296 0.775   12.0     4.5    True      306  -70.2     440
 66    154   116 1.22   YES   281 0.625   20.0     4.3    True      336  205.8     318
 67    127    57 1.30   YES   805 0.175   98.0     1.8    True      294 -263.7     483
 68    168   200 0.71   YES   529 0.350   44.0     5.9    True      323 -102.9     447
 69    131   180 1.33   YES   323 0.525   20.0     5.0    True      233  153.7     336
 70    113   291 0.71   YES  2273 0.150  155.0     3.5    True      279 -113.3     450
 71    125   105 0.90   YES   562 0.400   41.0     2.3    True      284  -42.5     434
 72    117   349 0.79   YES   451 0.300   28.0     1.8    True      235    1.4     422
 73    134   192 1.32   YES   240 0.500   16.0     4.4    True      260  157.7     334
 74    138   136 0.61   YES   298 0.350   14.0     3.8    True      289  -80.2     442
 75    128   146 0.84   YES   376 0.250   20.0     2.3    True      300 -116.1     450
 76    134    10 0.65   YES   596 0.300   23.0     4.3    True      306  -90.5     445
 77    144    64 1.12   YES  1076 0.425   56.0     4.3    True      275  -78.3     442
 78    120    65 1.18   YES   647 0.200   65.0     2.5    True      269 -201.5     469
 79    134   243 0.89   YES   346 0.375   13.0     4.5    True      248  -26.9     430
 80    132   353 0.97   YES   384 0.450   43.0     4.7    True      279   52.9     382
 81    131   135 0.77   YES   276 0.450   18.0     4.6    True      275   80.8     367
 82    161   211 0.89   YES   179 0.575    9.0     4.8    True      254   88.4     363
 83    167   220 0.66   YES   514 0.325   50.0     5.4    True      319  -93.1     445
 84    118    90 0.62   YES   953 0.500   27.0     2.8    True      290   -0.1     424
 85    175    66 0.96   YES   122 0.825    9.0     6.4   False      290  222.1     313
 86    109    38 1.15   YES  1201 0.125   98.0     2.9    True      329 -232.5     476
 87    172   298 0.79   YES   534 0.100   45.0     2.9    True      337 -231.0     476
 88    139    97 1.35   YES  2008 0.100  118.0     4.2    True      305 -176.4     464
 89    161    39 0.81   YES   163 0.600    9.0     5.3    True      312  107.0     355
 90    122    54 0.64   YES   289 0.600   12.0     4.0    True      264   26.3     399
 91    172   358 0.67   YES   173 0.525    9.0     5.4    True      338   48.4     385
 92    120   177 1.14   YES   616 0.400   39.0     4.5    True      234   31.9     395
 93    141    20 1.20   YES   373 0.450   25.0     4.3    True      270   38.4     391
 94    125   240 1.05   YES   482 0.875   28.0     4.6    True      185  141.5     340
 95    120   317 1.06   YES   232 0.700   12.0     4.0    True      255  181.8     326
 96    117    72 1.29   YES   428 0.450   23.0     3.0    True      208   73.2     371
 97    157   174 1.18   YES   316 0.525   21.0     5.1    True      223   55.3     381
 98    171    81 0.82   YES   951 0.350   55.0     6.2    True      301  -47.5     435
 99    123    38 1.21   YES  1930 0.200   61.0     3.5    True      255 -158.8     460
100    120   221 1.13   YES   263 0.425   16.0     4.1    True      267  135.3     343
101    136   161 1.09   YES   263 0.625   16.0     2.8    True      285  113.0     352
102    144   253 1.26   YES  1520 0.275  105.0     4.0    True      307 -170.7     462
103    113   253 0.66   YES   853 0.150   84.0     3.3    True      275 -114.1     450
104    138   325 0.85   YES   377 0.500   33.0     4.5    True      249  109.7     353
105    117   184 1.13   YES   246 0.750   13.0     4.5    True      228  180.1     326
106    145   316 0.85   YES   716 0.225   99.0     4.1    True      285 -125.7     452
107    114   137 0.73   YES   409 0.150   16.0     2.9    True      277 -184.0     465
108    141   134 0.87   YES   481 0.450   17.0     5.1    True      237   60.6     378
109    178   337 0.84   YES   259 0.450   18.0     6.1    True      311    5.2     418
110    114    85 0.62   YES   428 0.325   38.0     3.2    True      256  -92.0     445
111    164   280 1.05   YES   509 0.300   65.0     5.5    True      343 -138.2     455
112    121   206 1.31   YES   409 0.100   14.0     3.6    True      322 -302.5     492
113    137    84 0.90   YES   188 0.700   10.0     4.2    True      264  178.4     327
114    148   331 0.96   YES  2173 0.100  211.0     4.3    True      298 -170.3     462
115    162    24 0.92   YES   284 0.450   16.0     6.3    True      345  -30.0     431
116    193   350 1.14   YES  1617 0.325   74.0     6.3    True      335 -148.5     458
117    135    20 1.22   YES   360 0.400   35.0     3.9    True      296    1.3     422
118    134   283 0.71   YES   310 0.375   26.0     3.4    True      318  -26.0     430
119    124   254 1.00   YES   492 0.350   51.0     4.3    True      294 -111.7     449
120    142    55 1.01   YES   543 0.175   29.0     3.6    True      338 -189.8     467
121    158     2 1.10   YES   440 0.600   42.0     4.7    True      293   83.9     365
122    141    53 1.15   YES   377 0.450   24.0     4.8    True      225   20.7     404
123    164   318 1.20   YES   287 0.500   26.0     4.6    True      239   14.9     408
124    116   265 1.11   YES   574 0.550   30.0     4.0    True      256  167.8     331
125    143    71 1.28   YES   441 0.125   14.0     2.4    True      294 -185.6     466
126    148   273 0.90   YES   343 0.550   22.0     4.5    True      305  123.9     347
127    157   214 0.90   YES   499 0.325   16.0     4.5    True      319 -230.9     476
128    113   201 1.04   YES   800 0.350   58.0     2.8    True      284  -25.7     430
129    136   249 1.23   YES   409 0.300   18.0     2.7    True      282 -180.4     465
130    125   103 0.95   YES   549 0.350   63.0     4.5    True      304  -55.0     437
131    155   350 1.11   YES   306 0.375   30.0     4.4    True      281  -62.1     438
132    120   302 1.13   YES   385 0.450   27.0     3.2    True      222  100.4     358
133    115   180 1.09   YES   465 0.200   26.0     1.4    True      310 -165.2     461
134    146   351 0.82   YES   305 0.500   22.0     4.1    True      240  128.7     345
135    152    70 0.65   YES   240 0.550   21.0     5.2    True      337  107.3     354
136    173    23 0.65   YES   342 0.375   11.0     4.8    True      307  -87.8     444
137    117   279 0.81   YES  2326 0.225  141.0     3.1    True      302  -88.1     444
138    175   343 0.72   YES   352 0.575   20.0     6.1    True      334   -4.8     426
139    154   299 0.62   YES   243 0.450   17.0     4.8    True      259   37.0     392
140    123   302 1.20   YES   487 0.125   41.0     2.4    True      318 -145.7     457
141    118    56 0.98   YES   294 0.500   17.0     4.8    True      280  169.9     330
142    175   227 0.88   YES   250 0.600   19.0     5.4    True      272   64.0     376
143    124   186 1.34   YES   409 0.425   31.0     3.3    True      228   41.3     389
144    126   101 0.99   YES   917 0.200   50.0     2.9    True      275 -129.4     453
145    154   162 0.76   YES   260 0.475   24.0     4.7    True      268   35.6     393
146    119   285 0.81   YES   359 0.650   13.0     2.3    True      262  -77.8     442
147    117   283 0.69   YES   310 0.400   23.0     3.8    True      324   54.7     381
148    137   186 0.80   YES   576 0.200   53.0     3.6    True      340  -89.3     444
149    151   290 1.26   YES  1512 0.100   98.0     3.2    True      287 -231.5     476
150    115    57 1.05   YES   317 0.450   17.0     2.5    True      299  102.6     357

SOLVABLE 151/151 = 100.0%
aim tolerance on solvable rounds: min 9.0deg  median 26.0deg  max 211.0deg
