# 1920x1080  narrow=False  dt=1/60s  grid=360ang x 37pow = 13320 putts/round
# capture<520  MAX_SPEED=900  FRICTION=0.12  CUP_R=13  reachSafety=0.85 downhillCredit=0.4717
rnd   dist  tilt  mag sunk?  hits bestP tolDeg minMiss hotPass maxReach  upAcc  aReach
  0    132     0 0.85   YES   468 0.325   53.0     3.0    True      530  -32.2     432
  1    368   285 1.33   YES   236 0.750   32.0    10.6   False      508  -42.0     434
  2    361   334 1.11   YES    43 0.925   17.0    11.3   False      577   -3.6     425
  3    347    22 0.64   YES    43 0.825    5.0    10.4   False      555  -44.6     434
  4    311   318 0.67   YES    42 0.875    8.0    10.2   False      442   81.9     366
  5    324    39 0.62   YES    30 0.875    5.0    10.9   False      452   54.3     381
  6    327   332 0.77   YES    38 0.925    5.0    10.6   False      429    5.6     417
  7    317   347 1.16   YES   113 0.750   26.0    10.0   False      597  -21.0     429
  8    327    64 0.80   YES    28 0.900    6.0    10.6   False      500   48.0     385
  9    359   202 1.10   YES   274 0.450   23.0     9.7   False      622  -83.2     443
 10    326   158 0.68   YES    63 0.775    9.0     9.7   False      589  -34.4     432
 11    362   345 0.91   YES    50 0.825   13.0    11.0   False      573   -7.9     426
 12    326    56 0.60   YES    32 0.875    5.0    11.0   False      432   51.0     383
 13    313    20 1.16   YES    57 1.000   13.0    10.0   False      476   62.4     377
 14    364    99 0.77   YES    60 0.925   12.0    10.9   False      467  -17.8     428
 15    336   195 1.26   YES   123 0.700   31.0     9.7   False      658  -53.0     436
 16    337    68 0.68   YES    33 0.875    7.0    11.2   False      518   29.9     397
 17    339   178 0.72   YES    37 0.825    5.0    10.3   False      430   15.0     408
 18    348   245 1.17   YES    38 0.825    6.0    10.6   False      551  -18.3     429
 19    364   214 0.76   YES    69 0.900   21.0    11.0   False      605  -19.0     429
 20    339   354 0.64   YES    40 0.825    5.0    11.0   False      472   10.2     413
 21    351   217 1.31   YES   167 0.500    8.0    10.3   False      708  -81.6     443
 22    331   203 0.63   YES    25 0.875    4.0    11.1   False      582   37.9     391
 23    375   194 1.27   YES    96 0.475    6.0    10.2   False      586  -75.9     441
 24    346   133 1.09   YES    78 0.925   15.0    11.2   False      580   16.0     407
 25    324   270 1.21   YES    29 0.875    4.0    10.6   False      471   41.6     389
 26    362    65 0.94   YES    47 0.875   14.0    11.3   False      511  -13.9     428
 27    308   124 1.34   YES    38 0.975    8.0    10.5   False      457  114.5     351
 28    356   242 1.01   YES   169 0.875   27.0    10.9   False      522    4.4     419
 29    344   275 1.19   YES    23 0.900    4.0    10.8   False      527   18.9     405
 30    313   264 1.31   YES    28 0.925    5.0    10.6   False      502   77.4     369
 31    308   199 1.19   YES    26 0.925    5.0    10.6   False      587  101.1     357
 32    317   191 0.99   YES    28 0.975    5.0    10.3   False      603   68.1     373
 33    325   164 0.79   YES    32 0.925    6.0    10.2   False      440   51.9     383
 34    372   159 1.04   YES    54 0.700    4.0    11.1   False      575  -57.9     437
 35    322   343 1.24   YES    61 0.850    9.0    10.3   False      530   35.0     393
 36    346   301 0.66   YES    32 0.925    8.0    11.0   False      533    8.4     414
 37    337   264 0.83   YES    31 0.850    5.0    10.6   False      580   28.9     397
 38    364    54 1.25   YES    36 0.850    7.0    10.6   False      638  -15.9     428
 39    316   291 0.97   YES   179 0.325   14.0     8.7   False      652  -61.4     438
 40    316   216 0.65   YES    36 0.850    5.0     9.7   False      546   20.1     404
 41    367   160 0.98   YES    35 0.825    4.0    10.8   False      683  -31.5     431
 42    323   169 1.21   YES    32 0.875    5.0    10.2   False      468   51.1     383
 43    326   179 1.21   YES    72 0.900   13.0    10.3   False      484   50.2     384
 44    327   209 0.68   YES    43 0.900    8.0    11.3   False      405   48.9     384
 45    316    71 1.27   YES    31 0.875    5.0     9.8   False      552   67.7     374
 46    348   179 1.18   YES   125 0.500    8.0     9.7   False      632  -59.0     438
 47    343   259 0.74   YES    68 0.800   21.0    11.1   False      501   21.0     403
 48    358   100 0.84   YES    67 0.750    8.0    10.9   False      489    2.0     421
 49    320    15 1.16   YES    34 0.950    8.0    10.2   False      484   61.5     377
 50    371   188 0.80   YES   163 0.650   25.0    10.9   False      644  -68.4     440
 51    328   177 1.10   YES    71 0.675    5.0     9.9   False      618  -56.7     437
 52    345    97 0.63   YES    25 0.900    5.0    10.6   False      461   16.7     407
 53    332    20 0.81   YES    36 1.000    7.0    10.2   False      487   38.8     391
 54    339   195 0.63   YES    40 0.925    9.0    10.8   False      438   18.6     405
 55    320    59 1.15   YES    33 0.875    6.0    11.2   False      406   59.1     378
 56    341   338 0.78   YES    32 0.925    8.0    10.8   False      475   23.6     401
 57    361    66 1.33   YES    39 0.925    9.0    11.4   False      538   -7.9     426
 58    370   190 1.14   YES    47 0.825    5.0    10.7   False      627  -48.4     435
 59    364   278 1.35   YES   109 0.900   22.0    11.0   False      581  -25.0     430
 60    338    23 0.77   YES    47 0.925   10.0    10.9   False      462   29.3     397
 61    333    20 0.98   YES    54 0.900    9.0    11.0   False      429   37.3     392
 62    315   343 1.33   YES    53 0.900    9.0    10.1   False      464   65.6     375
 63    317     3 0.62   YES    31 0.900    6.0    10.7   False      457   69.6     373
 64    320   218 1.21   YES    46 0.875    9.0    10.9   False      460   45.8     386
 65    324    60 0.73   YES    55 0.875    5.0    10.1   False      621  -27.2     431
 66    311   116 1.22   YES    56 0.925    9.0    10.8   False      550   82.4     366
 67    375    57 1.30   YES   178 0.725   39.0    11.1   False      641  -74.9     441
 68    366   200 0.71   YES    29 0.900    6.0    11.2   False      492  -28.4     431
 69    321   180 1.33   YES    33 0.850    5.0    10.3   False      523   52.0     382
 70    311   291 0.71   YES   140 0.725   28.0     8.9   False      546  -41.0     434
 71    363   105 0.90   YES    75 0.925   15.0    11.2   False      513  -10.0     427
 72    317   349 0.79   YES    49 0.800    5.0     9.4   False      425    0.0     424
 73    317   192 1.32   YES    40 0.875   11.0    10.9   False      490   70.1     372
 74    365   136 0.61   YES    37 0.800    4.0    10.9   False      533  -21.4     429
 75    366   146 0.84   YES    28 0.975    4.0    11.1   False      569  -27.2     431
 76    367    10 0.65   YES    33 0.875    4.0    11.0   False      533  -33.5     432
 77    361    64 1.12   YES    50 0.875   12.0    11.1   False      615  -50.6     436
 78    374    65 1.18   YES   291 0.725   32.0    11.0   False      627  -69.3     440
 79    361   243 0.89   YES    17 0.950    4.0    11.0   False      460   -1.6     425
 80    340   353 0.97   YES    60 0.875   13.0    10.7   False      512   15.8     408
 81    335   135 0.77   YES    30 0.875    5.0    10.6   False      447   33.2     394
 82    334   211 0.89   YES    27 0.875    4.0    10.9   False      416   27.8     398
 83    365   220 0.66   YES    37 0.850    5.0    11.1   False      535  -23.9     430
 84    346    90 0.62   YES    78 0.725    8.0    10.4   False      425   -6.1     426
 85    317    66 0.96   YES    77 0.875   13.0     9.9   False      630   53.5     382
 86    345    38 1.15   YES   260 0.600   20.0     9.4   False      671  -78.0     442
 87    376   298 0.79   YES    74 0.700    7.0    10.6   False      544  -90.4     445
 88    370    97 1.35   YES    38 0.850    7.0    11.0   False      585  -48.9     435
 89    338    39 0.81   YES    49 0.925   10.0    10.6   False      396   29.1     397
 90    356    54 0.64   YES    25 0.900    6.0    11.4   False      418    3.7     419
 91    347   358 0.67   YES    23 0.900    4.0    11.2   False      500   15.2     408
 92    309   177 1.14   YES    57 0.800    8.0    11.0   False      415   15.6     408
 93    355    20 1.20   YES    39 0.825    7.0    11.2   False      581    5.5     417
 94    311   240 1.05   YES    27 0.875    4.0    10.8   False      448   62.0     377
 95    315   317 1.06   YES    29 0.875    5.0    10.5   False      395   67.3     374
 96    355    72 1.29   YES    75 0.925   18.0    11.3   False      524   -5.3     426
 97    330   174 1.18   YES    67 0.950   11.0    10.3   False      551   17.4     406
 98    362    81 0.82   YES    23 0.900    4.0    11.3   False      483   -5.0     426
 99    371    38 1.21   YES    32 0.850    5.0    10.4   False      598  -55.6     437
100    321   221 1.13   YES    29 0.975    5.0    10.7   False      400   56.2     380
101    327   161 1.09   YES    33 0.875    5.0    11.1   False      406   43.5     388
102    373   253 1.26   YES   193 0.800   37.0    11.1   False      513  -65.3     439
103    365   253 0.66   YES    33 0.850    5.0    10.8   False      600  -41.4     434
104    329   325 0.85   YES    26 0.900    5.0    10.6   False      478   44.9     387
105    320   184 1.13   YES    38 0.975    7.0    11.8   False      441   63.5     376
106    370   316 0.85   YES    59 0.800    7.0    10.9   False      564  -51.9     436
107    373   137 0.73   YES   122 0.525    7.0    10.8   False      499  -63.4     439
108    323   134 0.87   YES    33 0.925    5.0    10.1   False      477   27.8     398
109    361   337 0.84   YES    31 0.875    5.0    10.6   False      505   -2.1     425
110    364    85 0.62   YES    94 0.900   24.0    10.9   False      475  -18.0     428
111    368   280 1.05   YES    30 0.875    4.0    11.3   False      579  -38.2     433
112    360   206 1.31   YES   164 0.525    6.0    10.1   False      662  -97.0     446
113    323    84 0.90   YES    47 0.925    5.0    10.2   False      569   -4.1     425
114    372   331 0.96   YES    95 0.600    7.0    10.6   False      571  -58.9     438
115    363    24 0.92   YES    85 0.825   11.0    11.4   False      535  -17.0     428
116    374   350 1.14   YES   291 0.525   33.0    10.5   False      657  -72.3     441
117    351    20 1.22   YES    31 0.875    6.0    11.0   False      482    9.4     413
118    364   283 0.71   YES    89 0.800   21.0    10.8   False      542  -20.4     429
119    365   254 1.00   YES    74 0.775   17.0    11.5   False      604  -20.9     429
120    373    55 1.01   YES   238 0.600   31.0    11.3   False      665  -67.1     439
121    330     2 1.10   YES    51 0.925   10.0    11.1   False      450   42.9     388
122    332    53 1.15   YES    73 0.875   13.0    10.3   False      538    6.0     417
123    361   318 1.20   YES    54 0.925   12.0    11.4   False      628   -6.4     426
124    317   265 1.11   YES    32 0.875    5.0    11.2   False      524   56.1     380
125    373    71 1.28   YES    65 0.800    4.0    11.0   False      581  -66.8     439
126    363   273 0.90   YES    40 0.950    9.0    11.5   False      472   -9.5     427
127    375   214 0.90   YES   101 0.625    6.0    10.4   False      520  -76.1     441
128    327   201 1.04   YES    48 0.875    7.0     9.8   False      422   35.3     393
129    325   249 1.23   YES    96 0.725   21.0     9.9   False      574   -6.9     426
130    350   103 0.95   YES    37 0.850    5.0    10.6   False      594  -24.3     430
131    339   350 1.11   YES   147 0.400   10.0    10.7   False      673  -61.5     438
132    334   302 1.13   YES    52 0.900   13.0    11.2   False      438   31.7     395
133    371   180 1.09   YES    49 0.750    4.0    11.0   False      651  -53.5     436
134    327   351 0.82   YES    61 0.850    8.0    10.4   False      459   35.3     393
135    329    70 0.65   YES    36 0.925    8.0    10.6   False      561   44.9     387
136    367    23 0.65   YES    47 0.825    4.0    10.7   False      559  -51.9     436
137    364   279 0.81   YES    30 0.950    7.0    10.8   False      638  -16.4     428
138    346   343 0.72   YES    31 0.875    4.0    11.0   False      442   14.9     408
139    349   299 0.62   YES    33 0.825    5.0    10.9   False      561   12.0     411
140    356   302 1.20   YES    65 0.675    4.0    10.2   False      736  -59.7     438
141    317    56 0.98   YES    59 0.925   10.0    11.2   False      408   66.3     374
142    350   227 0.88   YES    59 0.950   14.0    10.6   False      425    9.2     414
143    339   186 1.34   YES    33 0.900    8.0    11.3   False      490   27.4     399
144    367   101 0.99   YES    37 0.850    5.0    11.1   False      505  -44.0     434
145    344   162 0.76   YES    41 0.875   10.0    11.3   False      505   13.6     409
146    320   285 0.81   YES   108 0.650    8.0     8.9   False      561  -25.4     430
147    368   283 0.69   YES    34 0.850    4.0    11.1   False      607  -38.1     433
148    368   186 0.80   YES    53 0.800    6.0    11.0   False      667  -38.2     433
149    375   290 1.26   YES    80 0.675    7.0    11.2   False      617  -76.7     442
150    311    57 1.05   YES    77 0.825    9.0    10.2   False      461   19.8     404
151    324   360 0.85   YES    28 0.975    5.0    10.9   False      461   54.7     381
152    323   114 1.03   YES    81 0.975   15.0    10.9   False      468   55.5     380
153    331   355 1.14   YES    61 0.800    9.0    10.7   False      562  -19.9     429
154    308   169 1.24   YES    29 0.900    5.0    10.6   False      472  101.3     357
155    337   274 0.80   YES    34 0.900    8.0    10.5   False      460   29.8     397
156    377   343 1.30   YES    30 0.775    3.0    11.3   False      629  -87.6     444
157    356    20 0.80   YES    32 0.925    8.0    11.7   False      536    3.3     420
158    352   193 0.70   YES    30 0.950    7.0    11.0   False      466    7.2     416
159    327   184 0.99   YES    32 0.975    5.0    10.8   False      457   29.1     397
160    316   172 1.05   YES   440 0.500   58.0     8.9   False      606  -48.6     435
161    332   338 0.77   YES    56 0.900    9.0    10.9   False      385   39.4     390
162    350   349 1.26   YES    37 0.925    5.0    11.2   False      616  -45.8     435
163    370    22 1.19   YES    41 0.800    4.0    10.9   False      686  -52.6     436
164    324    55 0.93   YES    31 0.875    5.0    10.4   False      400   41.6     389
165    331    65 1.04   YES   153 0.775   34.0    10.3   False      578   -9.9     427
166    326   141 1.19   YES    54 0.925   12.0    11.0   False      407   50.5     383
167    344   119 0.68   YES    37 0.875    6.0    10.6   False      436   16.0     407
168    330   205 0.62   YES    30 0.875    5.0    11.5   False      472   42.1     389
169    340    37 1.02   YES    26 0.900    5.0    10.6   False      499   25.2     400
170    365    75 1.03   YES    47 0.775    7.0    10.8   False      657  -25.7     430
171    335    40 0.93   YES    55 0.850   16.0    10.5   False      567   30.0     397
172    330   359 0.85   YES    36 0.875    8.0    11.4   False      498   42.9     388
173    330   134 0.84   YES    30 0.900    7.0    11.6   False      479   41.9     389
174    370   235 1.24   YES   295 0.800   40.0    10.7   False      707  -52.9     436
175    362   120 0.69   YES   144 0.825   30.0    11.2   False      440   -9.0     426
176    309   191 0.66   YES    92 0.825   14.0     9.3   False      456   -0.1     424
177    334   313 0.96   YES    36 0.900    7.0    10.6   False      404   29.3     397
178    323    95 0.95   YES    50 0.975    9.0    10.8   False      570   55.9     380
179    318   101 1.24   YES   153 0.700   49.0     9.9   False      607  -28.1     431
180    308   222 1.31   YES    29 0.975    5.0    10.3   False      427   81.4     367
181    317    10 1.09   YES    54 0.900    9.0    11.1   False      448   47.5     385
182    350     8 0.71   YES    96 0.875   19.0    11.2   False      506   10.8     412
183    343    80 0.72   YES    24 0.900    5.0    11.2   False      463   12.2     411
184    372    69 1.17   YES    41 0.825    7.0    10.8   False      634  -57.7     437
185    344   124 1.05   YES    89 0.900   15.0    11.2   False      641   15.9     408
186    328   321 0.76   YES    43 0.850    5.0    10.6   False      438   46.0     386
187    330   197 1.11   YES    30 0.875    5.0    11.2   False      446   41.9     389
188    326     8 0.72   YES    32 0.925    7.0    10.8   False      449   49.6     384
189    343     9 0.90   YES    32 0.975    5.0    10.9   False      477   21.2     403
190    376    67 1.31   YES   181 0.575   26.0    10.7   False      666  -80.5     442
191    347   345 1.33   YES    99 0.875   19.0    10.5   False      569    9.1     414
192    355    24 0.63   YES    39 0.800    4.0    10.7   False      652  -61.4     438
193    367   188 0.69   YES    44 0.875    4.0    10.8   False      629  -31.0     431
194    323   299 1.00   YES    47 0.900    8.0    10.4   False      578   41.5     389
195    324   269 0.91   YES    59 0.850   15.0    10.9   False      457   27.6     398
196    309    52 1.06   YES    37 0.875    7.0    10.6   False      422   78.2     368
197    325   128 0.77   YES    25 1.000    5.0    10.8   False      476   51.8     383
198    346   219 1.13   YES   145 0.750   27.0    10.0   False      611  -75.1     441
199    327   124 1.02   YES    37 0.850    6.0    10.7   False      426   41.6     389
200    324     1 1.17   YES    23 0.900    4.0    11.1   False      552   53.5     382

SOLVABLE 201/201 = 100.0%
aim tolerance on solvable rounds: min 3.0deg  median 7.0deg  max 58.0deg
